function idvdset_test=fet_func53(vgslis_test,vdslis_test)
idvdset(:,1)=[
1.759200e-10
1.417200e-07
2.643800e-07
3.771600e-07
4.762600e-07
5.687000e-07
6.998000e-07
7.917800e-07
9.156400e-07
1.071940e-06
1.234200e-06
1.431100e-06
1.642000e-06
1.900800e-06
2.185700e-06
2.508300e-06
2.819900e-06
3.165300e-06
3.617300e-06
4.079100e-06
4.541100e-06
5.107500e-06
5.684900e-06
6.294100e-06
6.983200e-06
7.686000e-06
8.418200e-06
9.208600e-06
1.005300e-05
1.094050e-05
1.184200e-05
1.278000e-05
1.377800e-05
1.484600e-05
1.592800e-05
1.700000e-05
1.818200e-05
1.942200e-05
2.065000e-05
2.197200e-05
2.333000e-05
2.473400e-05
2.614800e-05
2.753800e-05
2.910400e-05
3.061600e-05
3.215800e-05
3.382200e-05
3.542600e-05
3.711800e-05
3.887400e-05
4.077800e-05
4.268400e-05
4.460200e-05
4.656200e-05
4.863800e-05
5.058800e-05
5.280600e-05
5.502600e-05
5.736000e-05
5.960000e-05
6.185200e-05
6.421000e-05
6.658000e-05
6.922600e-05
7.194000e-05
7.433400e-05
7.719200e-05
7.987000e-05
8.264000e-05
8.554400e-05
8.854000e-05
9.149000e-05
9.440600e-05
9.767800e-05
1.009580e-04
1.042060e-04
1.073660e-04
1.107620e-04
1.141080e-04
1.173600e-04
1.207200e-04
1.244600e-04
1.280200e-04
1.320800e-04
1.357400e-04
1.400000e-04
1.440200e-04
1.477600e-04
1.521200e-04
1.557400e-04
1.601800e-04
1.641800e-04
1.691400e-04
1.732000e-04
1.777000e-04
1.822200e-04
1.862000e-04
1.901400e-04
1.952800e-04
2.001400e-04
];
idvdset(:,2)=[
1.218900e-10
1.217400e-07
2.272800e-07
3.293400e-07
4.154400e-07
5.064800e-07
5.945800e-07
6.956600e-07
7.970600e-07
8.967200e-07
1.027120e-06
1.157800e-06
1.310500e-06
1.485500e-06
1.641600e-06
1.853500e-06
2.086800e-06
2.311100e-06
2.555700e-06
2.838200e-06
3.132600e-06
3.432400e-06
3.775800e-06
4.116000e-06
4.499100e-06
4.894400e-06
5.295600e-06
5.760000e-06
6.220100e-06
6.717300e-06
7.200900e-06
7.717300e-06
8.297300e-06
8.871300e-06
9.512300e-06
1.016130e-05
1.085310e-05
1.150600e-05
1.224200e-05
1.300200e-05
1.380400e-05
1.465800e-05
1.551600e-05
1.643400e-05
1.734200e-05
1.826400e-05
1.926000e-05
2.027200e-05
2.130600e-05
2.243000e-05
2.344800e-05
2.459600e-05
2.578800e-05
2.705400e-05
2.843800e-05
2.974000e-05
3.104000e-05
3.258000e-05
3.391800e-05
3.544000e-05
3.696000e-05
3.864600e-05
4.042000e-05
4.211400e-05
4.379600e-05
4.561000e-05
4.748000e-05
4.933800e-05
5.135400e-05
5.331000e-05
5.565800e-05
5.775200e-05
5.967400e-05
6.188600e-05
6.427200e-05
6.680000e-05
6.922600e-05
7.182800e-05
7.444800e-05
7.700800e-05
7.991200e-05
8.293000e-05
8.569000e-05
8.874600e-05
9.165000e-05
9.455000e-05
9.776800e-05
1.010880e-04
1.046960e-04
1.077840e-04
1.116080e-04
1.150800e-04
1.187800e-04
1.225800e-04
1.263000e-04
1.303000e-04
1.339200e-04
1.383000e-04
1.422800e-04
1.463000e-04
1.503800e-04
];
idvdset(:,3)=[
7.700000e-12
1.116800e-07
2.082400e-07
2.996600e-07
3.808600e-07
4.591600e-07
5.440600e-07
6.315600e-07
7.107800e-07
8.160800e-07
9.090200e-07
1.025680e-06
1.131000e-06
1.271400e-06
1.401000e-06
1.554000e-06
1.704600e-06
1.854800e-06
2.021100e-06
2.192600e-06
2.370800e-06
2.549300e-06
2.756400e-06
2.956800e-06
3.166200e-06
3.391400e-06
3.626100e-06
3.874800e-06
4.137000e-06
4.420500e-06
4.708000e-06
5.009500e-06
5.329900e-06
5.693100e-06
6.070000e-06
6.450900e-06
6.880600e-06
7.306200e-06
7.771300e-06
8.234800e-06
8.714400e-06
9.248000e-06
9.794200e-06
1.037110e-05
1.094810e-05
1.149400e-05
1.215200e-05
1.284400e-05
1.352400e-05
1.426400e-05
1.502000e-05
1.583000e-05
1.666800e-05
1.749800e-05
1.834600e-05
1.931200e-05
2.027800e-05
2.128800e-05
2.230400e-05
2.336600e-05
2.449600e-05
2.563000e-05
2.683200e-05
2.813400e-05
2.939000e-05
3.072600e-05
3.210600e-05
3.356800e-05
3.507000e-05
3.656600e-05
3.805400e-05
3.968400e-05
4.131600e-05
4.310800e-05
4.484600e-05
4.672200e-05
4.857600e-05
5.068200e-05
5.266200e-05
5.482400e-05
5.702400e-05
5.928400e-05
6.180800e-05
6.403800e-05
6.644200e-05
6.886800e-05
7.117800e-05
7.380000e-05
7.688800e-05
7.977600e-05
8.241400e-05
8.562000e-05
8.850800e-05
9.153000e-05
9.455000e-05
9.784400e-05
1.016600e-04
1.047300e-04
1.084460e-04
1.123440e-04
1.158200e-04
];
idvdset(:,4)=[
-2.907000e-11
1.039600e-07
1.990200e-07
2.881000e-07
3.692400e-07
4.448600e-07
5.197600e-07
5.988800e-07
6.817800e-07
7.699800e-07
8.554400e-07
9.465400e-07
1.040280e-06
1.137680e-06
1.248100e-06
1.341600e-06
1.440800e-06
1.548000e-06
1.633300e-06
1.731800e-06
1.820000e-06
1.938800e-06
2.034600e-06
2.131500e-06
2.236600e-06
2.368900e-06
2.482400e-06
2.604900e-06
2.734800e-06
2.878000e-06
3.035600e-06
3.196700e-06
3.400400e-06
3.558300e-06
3.756900e-06
3.959700e-06
4.192000e-06
4.432800e-06
4.689100e-06
4.989200e-06
5.249200e-06
5.559200e-06
5.888200e-06
6.228300e-06
6.599300e-06
6.959900e-06
7.325600e-06
7.754600e-06
8.200700e-06
8.645000e-06
9.189200e-06
9.694500e-06
1.023280e-05
1.081890e-05
1.138360e-05
1.191200e-05
1.254200e-05
1.326800e-05
1.390600e-05
1.461200e-05
1.539800e-05
1.620800e-05
1.706000e-05
1.790000e-05
1.878400e-05
1.971200e-05
2.069000e-05
2.171400e-05
2.279000e-05
2.389600e-05
2.496600e-05
2.618800e-05
2.743200e-05
2.877400e-05
3.008000e-05
3.153400e-05
3.292800e-05
3.425000e-05
3.591400e-05
3.754800e-05
3.904200e-05
4.079400e-05
4.259600e-05
4.437800e-05
4.635200e-05
4.797200e-05
4.991000e-05
5.200000e-05
5.424600e-05
5.665600e-05
5.888200e-05
6.107800e-05
6.352200e-05
6.599800e-05
6.847800e-05
7.136200e-05
7.407200e-05
7.691200e-05
7.977600e-05
8.238000e-05
8.573600e-05
];
idvdset(:,5)=[
4.229000e-11
9.846720e-08
1.915200e-07
2.773200e-07
3.614200e-07
4.296600e-07
5.056400e-07
5.807000e-07
6.596400e-07
7.412000e-07
8.040800e-07
8.901200e-07
9.702600e-07
1.040400e-06
1.100140e-06
1.165400e-06
1.229700e-06
1.286300e-06
1.332100e-06
1.395100e-06
1.453900e-06
1.498500e-06
1.552000e-06
1.620600e-06
1.677400e-06
1.744900e-06
1.810900e-06
1.881600e-06
1.954400e-06
2.029700e-06
2.102500e-06
2.198200e-06
2.289100e-06
2.398600e-06
2.502800e-06
2.626700e-06
2.746500e-06
2.873800e-06
2.993800e-06
3.149300e-06
3.322100e-06
3.474100e-06
3.647600e-06
3.837000e-06
4.043300e-06
4.251300e-06
4.485500e-06
4.725900e-06
4.989500e-06
5.249800e-06
5.544300e-06
5.875300e-06
6.188300e-06
6.523000e-06
6.922500e-06
7.289100e-06
7.687400e-06
8.115500e-06
8.569000e-06
9.050000e-06
9.551600e-06
1.005450e-05
1.062590e-05
1.121870e-05
1.180000e-05
1.243600e-05
1.309600e-05
1.376000e-05
1.450000e-05
1.525000e-05
1.607800e-05
1.692800e-05
1.771400e-05
1.862600e-05
1.952600e-05
2.047400e-05
2.146800e-05
2.258800e-05
2.374800e-05
2.486200e-05
2.601200e-05
2.728600e-05
2.854600e-05
2.992000e-05
3.130400e-05
3.283200e-05
3.424400e-05
3.581200e-05
3.732800e-05
3.888400e-05
4.061000e-05
4.247600e-05
4.438400e-05
4.635200e-05
4.837800e-05
5.032000e-05
5.240400e-05
5.466600e-05
5.682200e-05
5.928400e-05
6.149200e-05
];
