function idvdset_test=fet_func31(vgslis_test,vdslis_test)
idvdset(:,1)=[
-6.520000e-12
1.113800e-07
2.239000e-07
3.383200e-07
4.590600e-07
5.919800e-07
7.436800e-07
9.170600e-07
1.116440e-06
1.336000e-06
1.580200e-06
1.843600e-06
2.130800e-06
2.433400e-06
2.763800e-06
3.106900e-06
3.467800e-06
3.848900e-06
4.244100e-06
4.646600e-06
5.064200e-06
5.495200e-06
5.932200e-06
6.377100e-06
6.838000e-06
7.307200e-06
7.790300e-06
8.282300e-06
8.781800e-06
9.283500e-06
9.800400e-06
1.032170e-05
1.084730e-05
1.139830e-05
1.194600e-05
1.249000e-05
1.306200e-05
1.364000e-05
1.421000e-05
1.481000e-05
1.541200e-05
1.601800e-05
1.664000e-05
1.725600e-05
1.788000e-05
1.851800e-05
1.914800e-05
1.980200e-05
2.045800e-05
2.111000e-05
2.180000e-05
2.247200e-05
2.318200e-05
2.386000e-05
2.456800e-05
2.522400e-05
2.596600e-05
2.673400e-05
2.745600e-05
2.819400e-05
2.897200e-05
2.966800e-05
3.044000e-05
3.116400e-05
3.190400e-05
3.272400e-05
3.351800e-05
3.436800e-05
3.517200e-05
3.598200e-05
3.674400e-05
3.748000e-05
3.831600e-05
3.911800e-05
3.992400e-05
4.078800e-05
4.160400e-05
4.244200e-05
4.328200e-05
4.410200e-05
4.501800e-05
4.578600e-05
4.670400e-05
4.762400e-05
4.859600e-05
4.941800e-05
5.015000e-05
5.107200e-05
5.184800e-05
5.281000e-05
5.374800e-05
5.472400e-05
5.567600e-05
5.650400e-05
5.749800e-05
5.835000e-05
5.933000e-05
6.032200e-05
6.132600e-05
6.226400e-05
6.322800e-05
];
idvdset(:,2)=[
-7.850000e-12
1.012000e-07
2.022000e-07
3.021600e-07
4.029000e-07
5.087600e-07
6.318800e-07
7.690600e-07
9.192400e-07
1.091460e-06
1.285100e-06
1.494500e-06
1.726400e-06
1.973200e-06
2.233200e-06
2.507400e-06
2.801100e-06
3.100000e-06
3.408500e-06
3.740500e-06
4.076800e-06
4.430800e-06
4.778400e-06
5.146400e-06
5.516800e-06
5.900600e-06
6.291800e-06
6.687700e-06
7.083600e-06
7.486800e-06
7.899300e-06
8.315100e-06
8.744200e-06
9.175300e-06
9.619200e-06
1.008010e-05
1.054870e-05
1.100880e-05
1.146530e-05
1.195600e-05
1.247400e-05
1.297000e-05
1.347000e-05
1.397000e-05
1.450000e-05
1.502800e-05
1.555200e-05
1.610800e-05
1.666000e-05
1.721400e-05
1.778600e-05
1.838800e-05
1.897000e-05
1.951400e-05
2.014400e-05
2.071400e-05
2.134800e-05
2.196400e-05
2.257400e-05
2.321200e-05
2.385800e-05
2.452800e-05
2.516200e-05
2.584400e-05
2.651400e-05
2.719600e-05
2.785200e-05
2.855200e-05
2.923800e-05
2.993000e-05
3.055600e-05
3.127400e-05
3.200600e-05
3.272400e-05
3.351200e-05
3.422800e-05
3.490200e-05
3.571800e-05
3.648600e-05
3.723400e-05
3.797600e-05
3.869000e-05
3.951800e-05
4.035000e-05
4.114000e-05
4.189800e-05
4.273800e-05
4.365000e-05
4.446400e-05
4.527200e-05
4.601800e-05
4.683800e-05
4.767600e-05
4.848000e-05
4.931400e-05
5.018600e-05
5.119600e-05
5.203200e-05
5.291200e-05
5.385600e-05
5.467800e-05
];
idvdset(:,3)=[
-4.200000e-13
9.372680e-08
1.878000e-07
2.780400e-07
3.668200e-07
4.571600e-07
5.566400e-07
6.693000e-07
7.956400e-07
9.372200e-07
1.095700e-06
1.270500e-06
1.459300e-06
1.658800e-06
1.874100e-06
2.101000e-06
2.336900e-06
2.586500e-06
2.842400e-06
3.109300e-06
3.381100e-06
3.670100e-06
3.961100e-06
4.253100e-06
4.556000e-06
4.860500e-06
5.180600e-06
5.497800e-06
5.821300e-06
6.159800e-06
6.491500e-06
6.830500e-06
7.172800e-06
7.536700e-06
7.895300e-06
8.259600e-06
8.638800e-06
9.021300e-06
9.429300e-06
9.803500e-06
1.022600e-05
1.062510e-05
1.105140e-05
1.147950e-05
1.192000e-05
1.237200e-05
1.282000e-05
1.328600e-05
1.374800e-05
1.422000e-05
1.469600e-05
1.518000e-05
1.568400e-05
1.618200e-05
1.667800e-05
1.718000e-05
1.770000e-05
1.823200e-05
1.874000e-05
1.929000e-05
1.984400e-05
2.040600e-05
2.097000e-05
2.153600e-05
2.211200e-05
2.266000e-05
2.324000e-05
2.384400e-05
2.445600e-05
2.509600e-05
2.575800e-05
2.638600e-05
2.700000e-05
2.765200e-05
2.824400e-05
2.888400e-05
2.952400e-05
3.015400e-05
3.085600e-05
3.151800e-05
3.222200e-05
3.288600e-05
3.362000e-05
3.434400e-05
3.506400e-05
3.575800e-05
3.647200e-05
3.721000e-05
3.792800e-05
3.863200e-05
3.940400e-05
4.023600e-05
4.096600e-05
4.171800e-05
4.248600e-05
4.325200e-05
4.407800e-05
4.497000e-05
4.578000e-05
4.665200e-05
4.745800e-05
];
idvdset(:,4)=[
6.520000e-12
8.699280e-08
1.746400e-07
2.595400e-07
3.391000e-07
4.201800e-07
5.049600e-07
5.971200e-07
7.015600e-07
8.164800e-07
9.440600e-07
1.083700e-06
1.238700e-06
1.400700e-06
1.577100e-06
1.760600e-06
1.951600e-06
2.151300e-06
2.358300e-06
2.573400e-06
2.794300e-06
3.019600e-06
3.252000e-06
3.490400e-06
3.728000e-06
3.974300e-06
4.219600e-06
4.474500e-06
4.727100e-06
4.978400e-06
5.246900e-06
5.508700e-06
5.782800e-06
6.069200e-06
6.356900e-06
6.659400e-06
6.958200e-06
7.261800e-06
7.586100e-06
7.888200e-06
8.236300e-06
8.558300e-06
8.907600e-06
9.234900e-06
9.602400e-06
9.953800e-06
1.033450e-05
1.070480e-05
1.109870e-05
1.148540e-05
1.188200e-05
1.231000e-05
1.271800e-05
1.311600e-05
1.357600e-05
1.401600e-05
1.445400e-05
1.488600e-05
1.536000e-05
1.584000e-05
1.630000e-05
1.677400e-05
1.727800e-05
1.774400e-05
1.820600e-05
1.875000e-05
1.926200e-05
1.979800e-05
2.032600e-05
2.089400e-05
2.139800e-05
2.195800e-05
2.248400e-05
2.302400e-05
2.355800e-05
2.416200e-05
2.480200e-05
2.530600e-05
2.588200e-05
2.641400e-05
2.696400e-05
2.757600e-05
2.834400e-05
2.898600e-05
2.959400e-05
3.020800e-05
3.091800e-05
3.156200e-05
3.225000e-05
3.284800e-05
3.357800e-05
3.433400e-05
3.497800e-05
3.567200e-05
3.640600e-05
3.721600e-05
3.796600e-05
3.872800e-05
3.943800e-05
4.027600e-05
4.109400e-05
];
idvdset(:,5)=[
4.270000e-12
8.066400e-08
1.632000e-07
2.426000e-07
3.160400e-07
3.881000e-07
4.609200e-07
5.388200e-07
6.217800e-07
7.111000e-07
8.113000e-07
9.209000e-07
1.039580e-06
1.166300e-06
1.300200e-06
1.439700e-06
1.587200e-06
1.734300e-06
1.897000e-06
2.055300e-06
2.217300e-06
2.382400e-06
2.551800e-06
2.720900e-06
2.900100e-06
3.074000e-06
3.264300e-06
3.447100e-06
3.632500e-06
3.812200e-06
4.011900e-06
4.216000e-06
4.425500e-06
4.643800e-06
4.856200e-06
5.085500e-06
5.317300e-06
5.557500e-06
5.801700e-06
6.051600e-06
6.296200e-06
6.575200e-06
6.834700e-06
7.105000e-06
7.408300e-06
7.695100e-06
7.990200e-06
8.296300e-06
8.627400e-06
8.946700e-06
9.267000e-06
9.602700e-06
9.935900e-06
1.027760e-05
1.065470e-05
1.103250e-05
1.139390e-05
1.176400e-05
1.216000e-05
1.258400e-05
1.297200e-05
1.339200e-05
1.381400e-05
1.425200e-05
1.466000e-05
1.508600e-05
1.552800e-05
1.597400e-05
1.645400e-05
1.691600e-05
1.739600e-05
1.785600e-05
1.833600e-05
1.884400e-05
1.934800e-05
1.986800e-05
2.035600e-05
2.087200e-05
2.137200e-05
2.191800e-05
2.244400e-05
2.296200e-05
2.354200e-05
2.411200e-05
2.472200e-05
2.527600e-05
2.591000e-05
2.656000e-05
2.713600e-05
2.771000e-05
2.833200e-05
2.891400e-05
2.956200e-05
3.022800e-05
3.088000e-05
3.158600e-05
3.227600e-05
3.293800e-05
3.374000e-05
3.447400e-05
3.525400e-05
];
