function idvdset_test=fet_func65(vgslis_test,vdslis_test)
idvdset(:,1)=[
-5.559000e-11
2.619600e-07
4.988800e-07
7.238000e-07
9.532600e-07
1.184100e-06
1.438800e-06
1.708800e-06
1.998800e-06
2.305500e-06
2.624400e-06
2.970800e-06
3.342400e-06
3.743500e-06
4.158700e-06
4.623400e-06
5.116700e-06
5.654300e-06
6.218300e-06
6.876600e-06
7.601200e-06
8.400600e-06
9.288900e-06
1.029410e-05
1.142100e-05
1.271400e-05
1.411400e-05
1.566800e-05
1.736400e-05
1.922400e-05
2.127200e-05
2.339600e-05
2.576200e-05
2.830800e-05
3.096000e-05
3.388000e-05
3.694600e-05
4.019200e-05
4.359200e-05
4.716800e-05
5.087000e-05
5.477600e-05
5.882200e-05
6.301800e-05
6.744200e-05
7.188600e-05
7.661400e-05
8.142200e-05
8.645200e-05
9.159800e-05
9.695000e-05
1.023940e-04
1.080200e-04
1.137520e-04
1.195400e-04
1.256000e-04
1.318600e-04
1.381600e-04
1.445000e-04
1.511000e-04
1.578800e-04
1.648200e-04
1.718200e-04
1.790600e-04
1.863000e-04
1.937600e-04
2.013200e-04
2.090200e-04
2.169000e-04
2.247600e-04
2.328200e-04
2.408800e-04
2.490800e-04
2.575400e-04
2.659200e-04
2.744800e-04
2.831600e-04
2.920800e-04
3.009800e-04
3.100600e-04
3.191200e-04
3.283000e-04
3.377000e-04
3.468800e-04
3.562400e-04
3.654600e-04
3.747400e-04
3.842400e-04
3.938000e-04
4.033400e-04
4.131400e-04
4.224200e-04
4.322800e-04
4.421800e-04
4.519200e-04
4.617200e-04
4.712800e-04
4.806800e-04
4.903000e-04
4.995800e-04
5.092600e-04
];
idvdset(:,2)=[
-1.600000e-13
2.457800e-07
4.656400e-07
6.766200e-07
8.939600e-07
1.120400e-06
1.361700e-06
1.615200e-06
1.895800e-06
2.192300e-06
2.503100e-06
2.832800e-06
3.182500e-06
3.554200e-06
3.957400e-06
4.383900e-06
4.818400e-06
5.313900e-06
5.831600e-06
6.427200e-06
7.058000e-06
7.745400e-06
8.539700e-06
9.408500e-06
1.037260e-05
1.144490e-05
1.270600e-05
1.400000e-05
1.543600e-05
1.696800e-05
1.866000e-05
2.043800e-05
2.237000e-05
2.446800e-05
2.664400e-05
2.899000e-05
3.144400e-05
3.406800e-05
3.677800e-05
3.967400e-05
4.264400e-05
4.576000e-05
4.905200e-05
5.246400e-05
5.595800e-05
5.953800e-05
6.329800e-05
6.727800e-05
7.132400e-05
7.552600e-05
7.987600e-05
8.439600e-05
8.897800e-05
9.365000e-05
9.851400e-05
1.035620e-04
1.086540e-04
1.139380e-04
1.192200e-04
1.248000e-04
1.304600e-04
1.362200e-04
1.423000e-04
1.484000e-04
1.547000e-04
1.611400e-04
1.677000e-04
1.743600e-04
1.813600e-04
1.882400e-04
1.952200e-04
2.025000e-04
2.097000e-04
2.171800e-04
2.248600e-04
2.327000e-04
2.407000e-04
2.489000e-04
2.569000e-04
2.653600e-04
2.735200e-04
2.823800e-04
2.911000e-04
2.997800e-04
3.087600e-04
3.174200e-04
3.265800e-04
3.357800e-04
3.451000e-04
3.544200e-04
3.643200e-04
3.737000e-04
3.833600e-04
3.930200e-04
4.028400e-04
4.128200e-04
4.227200e-04
4.329800e-04
4.430200e-04
4.528400e-04
4.629200e-04
];
idvdset(:,3)=[
5.020000e-12
2.420600e-07
4.574800e-07
6.671200e-07
8.753600e-07
1.095560e-06
1.336100e-06
1.587700e-06
1.860300e-06
2.142400e-06
2.445100e-06
2.769000e-06
3.110100e-06
3.467000e-06
3.837300e-06
4.240300e-06
4.672200e-06
5.132400e-06
5.612200e-06
6.144300e-06
6.729000e-06
7.367500e-06
8.070300e-06
8.848300e-06
9.697500e-06
1.064470e-05
1.167200e-05
1.280200e-05
1.402200e-05
1.531600e-05
1.675400e-05
1.821800e-05
1.984400e-05
2.158600e-05
2.342000e-05
2.535800e-05
2.741600e-05
2.955000e-05
3.180400e-05
3.420200e-05
3.669200e-05
3.925800e-05
4.192200e-05
4.478600e-05
4.773000e-05
5.068800e-05
5.382200e-05
5.712800e-05
6.050400e-05
6.407200e-05
6.775200e-05
7.152000e-05
7.548200e-05
7.946000e-05
8.369000e-05
8.799000e-05
9.240400e-05
9.698600e-05
1.016080e-04
1.063480e-04
1.114320e-04
1.164000e-04
1.216600e-04
1.271000e-04
1.326800e-04
1.383600e-04
1.441600e-04
1.501400e-04
1.563400e-04
1.625400e-04
1.690800e-04
1.755600e-04
1.821400e-04
1.889800e-04
1.958800e-04
2.029600e-04
2.103200e-04
2.177400e-04
2.251800e-04
2.328000e-04
2.405200e-04
2.487200e-04
2.565000e-04
2.647200e-04
2.729800e-04
2.813600e-04
2.899400e-04
2.985000e-04
3.074000e-04
3.163000e-04
3.254600e-04
3.345400e-04
3.436400e-04
3.530800e-04
3.624000e-04
3.722400e-04
3.815000e-04
3.910800e-04
4.007800e-04
4.101400e-04
4.198400e-04
];
idvdset(:,4)=[
8.860000e-12
2.419800e-07
4.567800e-07
6.627400e-07
8.711800e-07
1.085280e-06
1.315700e-06
1.564000e-06
1.823700e-06
2.107600e-06
2.405300e-06
2.714300e-06
3.040400e-06
3.381400e-06
3.735500e-06
4.111900e-06
4.502200e-06
4.930200e-06
5.365100e-06
5.839700e-06
6.359400e-06
6.917100e-06
7.534300e-06
8.183200e-06
8.898500e-06
9.685700e-06
1.053120e-05
1.146640e-05
1.241800e-05
1.350400e-05
1.461200e-05
1.576200e-05
1.705200e-05
1.840800e-05
1.985200e-05
2.138400e-05
2.298800e-05
2.464800e-05
2.642800e-05
2.827800e-05
3.027400e-05
3.226000e-05
3.444400e-05
3.671400e-05
3.908200e-05
4.148200e-05
4.404800e-05
4.672800e-05
4.948000e-05
5.238800e-05
5.547000e-05
5.855800e-05
6.182800e-05
6.518600e-05
6.872200e-05
7.243800e-05
7.616000e-05
8.004000e-05
8.397000e-05
8.818600e-05
9.244000e-05
9.686000e-05
1.015500e-04
1.062660e-04
1.109800e-04
1.159200e-04
1.210400e-04
1.263200e-04
1.317400e-04
1.372800e-04
1.430000e-04
1.489800e-04
1.549400e-04
1.608800e-04
1.671800e-04
1.736000e-04
1.801200e-04
1.869600e-04
1.936200e-04
2.006600e-04
2.077200e-04
2.147600e-04
2.221400e-04
2.295000e-04
2.368600e-04
2.446600e-04
2.527800e-04
2.607200e-04
2.686200e-04
2.769800e-04
2.854600e-04
2.942400e-04
3.028800e-04
3.114600e-04
3.202400e-04
3.294600e-04
3.382800e-04
3.474200e-04
3.570600e-04
3.658800e-04
3.746000e-04
];
idvdset(:,5)=[
-4.155000e-11
2.407200e-07
4.565600e-07
6.606600e-07
8.684200e-07
1.077220e-06
1.309800e-06
1.547900e-06
1.807300e-06
2.073900e-06
2.353400e-06
2.647700e-06
2.950500e-06
3.260500e-06
3.585500e-06
3.925500e-06
4.281300e-06
4.635300e-06
5.015600e-06
5.424500e-06
5.853000e-06
6.298300e-06
6.775800e-06
7.303100e-06
7.845200e-06
8.439500e-06
9.056300e-06
9.720700e-06
1.043970e-05
1.120000e-05
1.203600e-05
1.288600e-05
1.378800e-05
1.476000e-05
1.577800e-05
1.688200e-05
1.805200e-05
1.926000e-05
2.053800e-05
2.189400e-05
2.332800e-05
2.487600e-05
2.646400e-05
2.822000e-05
2.995600e-05
3.177800e-05
3.371800e-05
3.585800e-05
3.800000e-05
4.025800e-05
4.265600e-05
4.518400e-05
4.772400e-05
5.043000e-05
5.318800e-05
5.613600e-05
5.923400e-05
6.242400e-05
6.564800e-05
6.908200e-05
7.268000e-05
7.629400e-05
8.021800e-05
8.401400e-05
8.816800e-05
9.244000e-05
9.671200e-05
1.011300e-04
1.058520e-04
1.105960e-04
1.154400e-04
1.204000e-04
1.255600e-04
1.308600e-04
1.364200e-04
1.421400e-04
1.477600e-04
1.536400e-04
1.596000e-04
1.661200e-04
1.724200e-04
1.790200e-04
1.855600e-04
1.923600e-04
1.993200e-04
2.061600e-04
2.134400e-04
2.207400e-04
2.281200e-04
2.356400e-04
2.434400e-04
2.514400e-04
2.591800e-04
2.677800e-04
2.757400e-04
2.839200e-04
2.926400e-04
3.008000e-04
3.096600e-04
3.183400e-04
3.270400e-04
];
