function idvdset_test=fet_func34(vgslis_test,vdslis_test)
idvdset(:,1)=[
-2.326000e-11
1.700600e-07
3.318200e-07
4.954200e-07
6.747000e-07
8.856600e-07
1.129280e-06
1.423500e-06
1.768200e-06
2.167200e-06
2.615200e-06
3.115000e-06
3.655000e-06
4.242100e-06
4.859400e-06
5.519500e-06
6.206300e-06
6.913700e-06
7.609900e-06
8.358000e-06
9.117800e-06
9.900700e-06
1.067320e-05
1.148090e-05
1.230200e-05
1.314000e-05
1.399400e-05
1.486200e-05
1.576000e-05
1.667400e-05
1.760200e-05
1.850800e-05
1.948800e-05
2.046800e-05
2.146000e-05
2.254000e-05
2.362800e-05
2.469800e-05
2.581600e-05
2.690600e-05
2.804800e-05
2.928200e-05
3.050200e-05
3.169000e-05
3.299200e-05
3.428800e-05
3.565400e-05
3.701400e-05
3.844200e-05
3.986200e-05
4.132200e-05
4.286400e-05
4.433800e-05
4.602800e-05
4.764000e-05
4.925800e-05
5.103400e-05
5.270000e-05
5.442800e-05
5.613400e-05
5.811600e-05
5.999000e-05
6.184800e-05
6.383600e-05
6.590200e-05
6.804600e-05
7.001200e-05
7.221200e-05
7.422400e-05
7.639400e-05
7.890800e-05
8.102600e-05
8.355600e-05
8.577600e-05
8.799200e-05
9.040800e-05
9.293600e-05
9.538600e-05
9.808200e-05
1.006780e-04
1.034740e-04
1.062860e-04
1.087420e-04
1.119340e-04
1.144200e-04
1.175200e-04
1.207400e-04
1.237200e-04
1.271600e-04
1.304400e-04
1.339800e-04
1.372000e-04
1.406600e-04
1.442800e-04
1.475600e-04
1.511000e-04
1.547200e-04
1.585800e-04
1.617600e-04
1.661200e-04
1.698400e-04
];
idvdset(:,2)=[
7.990000e-11
1.604000e-07
3.089800e-07
4.514200e-07
5.996400e-07
7.698200e-07
9.596000e-07
1.185800e-06
1.459100e-06
1.749800e-06
2.093800e-06
2.475300e-06
2.906000e-06
3.352900e-06
3.831400e-06
4.339000e-06
4.862200e-06
5.389300e-06
5.924600e-06
6.481300e-06
7.040700e-06
7.617200e-06
8.192500e-06
8.786600e-06
9.373700e-06
9.973500e-06
1.058570e-05
1.119650e-05
1.182600e-05
1.247600e-05
1.312800e-05
1.376000e-05
1.442200e-05
1.512200e-05
1.585400e-05
1.658000e-05
1.728000e-05
1.804000e-05
1.882200e-05
1.964200e-05
2.046600e-05
2.129000e-05
2.215400e-05
2.301800e-05
2.389000e-05
2.483800e-05
2.582600e-05
2.679400e-05
2.781000e-05
2.887600e-05
2.991400e-05
3.101000e-05
3.215600e-05
3.330800e-05
3.449400e-05
3.572600e-05
3.705200e-05
3.823800e-05
3.956200e-05
4.091000e-05
4.232800e-05
4.379400e-05
4.532800e-05
4.679400e-05
4.836000e-05
4.998200e-05
5.161000e-05
5.339400e-05
5.524800e-05
5.689400e-05
5.876600e-05
6.065600e-05
6.261800e-05
6.459200e-05
6.673800e-05
6.883400e-05
7.099600e-05
7.299200e-05
7.536000e-05
7.766800e-05
8.009000e-05
8.254200e-05
8.498000e-05
8.746600e-05
9.022000e-05
9.277400e-05
9.554800e-05
9.821400e-05
1.011020e-04
1.041740e-04
1.068620e-04
1.100060e-04
1.132840e-04
1.160400e-04
1.193400e-04
1.225600e-04
1.258400e-04
1.294000e-04
1.329000e-04
1.364200e-04
1.400400e-04
];
idvdset(:,3)=[
-5.566000e-11
1.533400e-07
2.930000e-07
4.211200e-07
5.493000e-07
6.938400e-07
8.530200e-07
1.039620e-06
1.261300e-06
1.516400e-06
1.811700e-06
2.127400e-06
2.465000e-06
2.845400e-06
3.227700e-06
3.627200e-06
4.043600e-06
4.462200e-06
4.863000e-06
5.292700e-06
5.716300e-06
6.144200e-06
6.571000e-06
6.999200e-06
7.434100e-06
7.864900e-06
8.299600e-06
8.753500e-06
9.218000e-06
9.672300e-06
1.013450e-05
1.059330e-05
1.108880e-05
1.158600e-05
1.208600e-05
1.261600e-05
1.315800e-05
1.370800e-05
1.425000e-05
1.483000e-05
1.541600e-05
1.603000e-05
1.669000e-05
1.731800e-05
1.797800e-05
1.864400e-05
1.936400e-05
2.008200e-05
2.083200e-05
2.162800e-05
2.241600e-05
2.324400e-05
2.410800e-05
2.498400e-05
2.585200e-05
2.680000e-05
2.775200e-05
2.878800e-05
2.980400e-05
3.080800e-05
3.192800e-05
3.307600e-05
3.418600e-05
3.537600e-05
3.663800e-05
3.789400e-05
3.924400e-05
4.057800e-05
4.199000e-05
4.339200e-05
4.497600e-05
4.651400e-05
4.817000e-05
4.978000e-05
5.141800e-05
5.323000e-05
5.503000e-05
5.696600e-05
5.885400e-05
6.078000e-05
6.286400e-05
6.484200e-05
6.689400e-05
6.924000e-05
7.138200e-05
7.377400e-05
7.615000e-05
7.845800e-05
8.105200e-05
8.366400e-05
8.616000e-05
8.896800e-05
9.156200e-05
9.455200e-05
9.727000e-05
1.001640e-04
1.030900e-04
1.060240e-04
1.091580e-04
1.123600e-04
1.154800e-04
];
idvdset(:,4)=[
7.023000e-11
1.461400e-07
2.781600e-07
3.978400e-07
5.083200e-07
6.253200e-07
7.571400e-07
9.105200e-07
1.089660e-06
1.298100e-06
1.533500e-06
1.785700e-06
2.064600e-06
2.358700e-06
2.664100e-06
2.980300e-06
3.291500e-06
3.599500e-06
3.908600e-06
4.224900e-06
4.525400e-06
4.830700e-06
5.131600e-06
5.432700e-06
5.739000e-06
6.032500e-06
6.338700e-06
6.649100e-06
6.961500e-06
7.274900e-06
7.608800e-06
7.935400e-06
8.279100e-06
8.629100e-06
8.997500e-06
9.374200e-06
9.763000e-06
1.016700e-05
1.057970e-05
1.100020e-05
1.141820e-05
1.186800e-05
1.232400e-05
1.279600e-05
1.327600e-05
1.379400e-05
1.433200e-05
1.486000e-05
1.539600e-05
1.600000e-05
1.660800e-05
1.723400e-05
1.786800e-05
1.853400e-05
1.917800e-05
1.988200e-05
2.066800e-05
2.137200e-05
2.220600e-05
2.303400e-05
2.388800e-05
2.477200e-05
2.569600e-05
2.669000e-05
2.766000e-05
2.867600e-05
2.970400e-05
3.079200e-05
3.193800e-05
3.309800e-05
3.430400e-05
3.558600e-05
3.689000e-05
3.820800e-05
3.965000e-05
4.111600e-05
4.258200e-05
4.419000e-05
4.577400e-05
4.743600e-05
4.907200e-05
5.086200e-05
5.255600e-05
5.443400e-05
5.622200e-05
5.817200e-05
6.024000e-05
6.224600e-05
6.437600e-05
6.641800e-05
6.861200e-05
7.093400e-05
7.319000e-05
7.563400e-05
7.813200e-05
8.058400e-05
8.310000e-05
8.581400e-05
8.845800e-05
9.121200e-05
9.405200e-05
];
idvdset(:,5)=[
7.417000e-11
1.395000e-07
2.704200e-07
3.852200e-07
4.909200e-07
5.967800e-07
7.086200e-07
8.365800e-07
9.823000e-07
1.143700e-06
1.322500e-06
1.516600e-06
1.725700e-06
1.943400e-06
2.164300e-06
2.388100e-06
2.611300e-06
2.829800e-06
3.036800e-06
3.242900e-06
3.439400e-06
3.644100e-06
3.835300e-06
4.039000e-06
4.238800e-06
4.434300e-06
4.649700e-06
4.858700e-06
5.074900e-06
5.305200e-06
5.516000e-06
5.742700e-06
5.985800e-06
6.234400e-06
6.482800e-06
6.741400e-06
7.032500e-06
7.310200e-06
7.596300e-06
7.902500e-06
8.207800e-06
8.523400e-06
8.857400e-06
9.205100e-06
9.550300e-06
9.914000e-06
1.031060e-05
1.071750e-05
1.113670e-05
1.156200e-05
1.203200e-05
1.249000e-05
1.297600e-05
1.349000e-05
1.401800e-05
1.454600e-05
1.511000e-05
1.569200e-05
1.632200e-05
1.698200e-05
1.766600e-05
1.834800e-05
1.907000e-05
1.979600e-05
2.059400e-05
2.140200e-05
2.226200e-05
2.312800e-05
2.402800e-05
2.491000e-05
2.589800e-05
2.693800e-05
2.793800e-05
2.908600e-05
3.019600e-05
3.131000e-05
3.254400e-05
3.381600e-05
3.507200e-05
3.641000e-05
3.778800e-05
3.914800e-05
4.063800e-05
4.213600e-05
4.364200e-05
4.529000e-05
4.691600e-05
4.854800e-05
5.032400e-05
5.208200e-05
5.401000e-05
5.580800e-05
5.785400e-05
5.980400e-05
6.187200e-05
6.404400e-05
6.624000e-05
6.837000e-05
7.075000e-05
7.300200e-05
7.543400e-05
];
