function idvdset_test=fet_func32(vgslis_test,vdslis_test)
idvdset(:,1)=[
2.125000e-11
1.449400e-07
2.847600e-07
4.275400e-07
5.855800e-07
7.734200e-07
9.963800e-07
1.263200e-06
1.579600e-06
1.945700e-06
2.354200e-06
2.818600e-06
3.328900e-06
3.878500e-06
4.471300e-06
5.096400e-06
5.740100e-06
6.419200e-06
7.127900e-06
7.851800e-06
8.584800e-06
9.343900e-06
1.011530e-05
1.089440e-05
1.169400e-05
1.252000e-05
1.333800e-05
1.419000e-05
1.504400e-05
1.591400e-05
1.681600e-05
1.774000e-05
1.871200e-05
1.968400e-05
2.067400e-05
2.168000e-05
2.271400e-05
2.379000e-05
2.487400e-05
2.601400e-05
2.713800e-05
2.831000e-05
2.957800e-05
3.082600e-05
3.207600e-05
3.327400e-05
3.462400e-05
3.598200e-05
3.730400e-05
3.876200e-05
4.020200e-05
4.165200e-05
4.312000e-05
4.466400e-05
4.612600e-05
4.771800e-05
4.924400e-05
5.091600e-05
5.254200e-05
5.448000e-05
5.615400e-05
5.793400e-05
5.986000e-05
6.177800e-05
6.365800e-05
6.544800e-05
6.743800e-05
6.948600e-05
7.157600e-05
7.367200e-05
7.570800e-05
7.758000e-05
7.976200e-05
8.215400e-05
8.451800e-05
8.669200e-05
8.905800e-05
9.124000e-05
9.345400e-05
9.565400e-05
9.809200e-05
1.004300e-04
1.028820e-04
1.050960e-04
1.075280e-04
1.098360e-04
1.123640e-04
1.143600e-04
1.169200e-04
1.197600e-04
1.222400e-04
1.253600e-04
1.278800e-04
1.310000e-04
1.339600e-04
1.371400e-04
1.396200e-04
1.425400e-04
1.455200e-04
1.486200e-04
1.518600e-04
];
idvdset(:,2)=[
1.320000e-11
1.351800e-07
2.613800e-07
3.811400e-07
5.098200e-07
6.557200e-07
8.254600e-07
1.028820e-06
1.271000e-06
1.550200e-06
1.877800e-06
2.232700e-06
2.626800e-06
3.049000e-06
3.497100e-06
3.964800e-06
4.454700e-06
4.956300e-06
5.469300e-06
6.000500e-06
6.527900e-06
7.068900e-06
7.598600e-06
8.135500e-06
8.684400e-06
9.246500e-06
9.821100e-06
1.038350e-05
1.097120e-05
1.153400e-05
1.214600e-05
1.274600e-05
1.339000e-05
1.404600e-05
1.473600e-05
1.540000e-05
1.609800e-05
1.683600e-05
1.752000e-05
1.826800e-05
1.904200e-05
1.981800e-05
2.064600e-05
2.146600e-05
2.233200e-05
2.320400e-05
2.412600e-05
2.509200e-05
2.600200e-05
2.700800e-05
2.796200e-05
2.900200e-05
3.006200e-05
3.121200e-05
3.227000e-05
3.343400e-05
3.466000e-05
3.588600e-05
3.704200e-05
3.841000e-05
3.966200e-05
4.099200e-05
4.217600e-05
4.370400e-05
4.518800e-05
4.681000e-05
4.828800e-05
4.992800e-05
5.148400e-05
5.308800e-05
5.484600e-05
5.651800e-05
5.826800e-05
6.008800e-05
6.184000e-05
6.388600e-05
6.599800e-05
6.785400e-05
6.981000e-05
7.206000e-05
7.399400e-05
7.635000e-05
7.841800e-05
8.073800e-05
8.286000e-05
8.517600e-05
8.754800e-05
8.992000e-05
9.252400e-05
9.500400e-05
9.753600e-05
1.002020e-04
1.029420e-04
1.055380e-04
1.083200e-04
1.112000e-04
1.142180e-04
1.164400e-04
1.197200e-04
1.224000e-04
1.255200e-04
];
idvdset(:,3)=[
1.743000e-11
1.304800e-07
2.491400e-07
3.640000e-07
4.766400e-07
5.964800e-07
7.445600e-07
9.105800e-07
1.108240e-06
1.328100e-06
1.599400e-06
1.884800e-06
2.199000e-06
2.540300e-06
2.886700e-06
3.254800e-06
3.628000e-06
4.012200e-06
4.390200e-06
4.782200e-06
5.164500e-06
5.563100e-06
5.950900e-06
6.343000e-06
6.728400e-06
7.125400e-06
7.530100e-06
7.918400e-06
8.341600e-06
8.756200e-06
9.196100e-06
9.631100e-06
1.008040e-05
1.054200e-05
1.103160e-05
1.154400e-05
1.204000e-05
1.255800e-05
1.308200e-05
1.367000e-05
1.422800e-05
1.481600e-05
1.546000e-05
1.606200e-05
1.671200e-05
1.732200e-05
1.802400e-05
1.874400e-05
1.946000e-05
2.022600e-05
2.094400e-05
2.175400e-05
2.253600e-05
2.339400e-05
2.422800e-05
2.515200e-05
2.610800e-05
2.697400e-05
2.797800e-05
2.894400e-05
2.994200e-05
3.101200e-05
3.214000e-05
3.319400e-05
3.432000e-05
3.555400e-05
3.678600e-05
3.795000e-05
3.931400e-05
4.070400e-05
4.199400e-05
4.341000e-05
4.482800e-05
4.640800e-05
4.788200e-05
4.954200e-05
5.101200e-05
5.266600e-05
5.440400e-05
5.622000e-05
5.796200e-05
5.985000e-05
6.157000e-05
6.362200e-05
6.542600e-05
6.766600e-05
6.957600e-05
7.183400e-05
7.407000e-05
7.623600e-05
7.840200e-05
8.072200e-05
8.316200e-05
8.555600e-05
8.788400e-05
9.017800e-05
9.251200e-05
9.537200e-05
9.796400e-05
1.007040e-04
1.031800e-04
];
idvdset(:,4)=[
2.529000e-11
1.265800e-07
2.409200e-07
3.421800e-07
4.360000e-07
5.365800e-07
6.613200e-07
7.952800e-07
9.554800e-07
1.138700e-06
1.347600e-06
1.574600e-06
1.825400e-06
2.080900e-06
2.348500e-06
2.614000e-06
2.887300e-06
3.157400e-06
3.418800e-06
3.686600e-06
3.950200e-06
4.219400e-06
4.483400e-06
4.734800e-06
5.006700e-06
5.279600e-06
5.553400e-06
5.834500e-06
6.131300e-06
6.424500e-06
6.738900e-06
7.053200e-06
7.386300e-06
7.711000e-06
8.046000e-06
8.422300e-06
8.772000e-06
9.155700e-06
9.567500e-06
9.974600e-06
1.039630e-05
1.084480e-05
1.128020e-05
1.174200e-05
1.219000e-05
1.271800e-05
1.323000e-05
1.376600e-05
1.429800e-05
1.487400e-05
1.547200e-05
1.608800e-05
1.668800e-05
1.735600e-05
1.807400e-05
1.877400e-05
1.945400e-05
2.020600e-05
2.097200e-05
2.174800e-05
2.263400e-05
2.346200e-05
2.431200e-05
2.517800e-05
2.614400e-05
2.707400e-05
2.808200e-05
2.906800e-05
3.022400e-05
3.130600e-05
3.247200e-05
3.368800e-05
3.480200e-05
3.598800e-05
3.734000e-05
3.853600e-05
3.988400e-05
4.125800e-05
4.270200e-05
4.428000e-05
4.559600e-05
4.715600e-05
4.877600e-05
5.036000e-05
5.215200e-05
5.379400e-05
5.558600e-05
5.741400e-05
5.940600e-05
6.130800e-05
6.319800e-05
6.526600e-05
6.702000e-05
6.930200e-05
7.133800e-05
7.345400e-05
7.565600e-05
7.787200e-05
8.017400e-05
8.247400e-05
8.499200e-05
];
idvdset(:,5)=[
3.188000e-11
1.268200e-07
2.393800e-07
3.351800e-07
4.226400e-07
5.102800e-07
6.073200e-07
7.179000e-07
8.482200e-07
9.930800e-07
1.145460e-06
1.313600e-06
1.491300e-06
1.670800e-06
1.842800e-06
2.020600e-06
2.199200e-06
2.372900e-06
2.537900e-06
2.706600e-06
2.867400e-06
3.041100e-06
3.209400e-06
3.386200e-06
3.561400e-06
3.742300e-06
3.931500e-06
4.127900e-06
4.329300e-06
4.541700e-06
4.752600e-06
4.975100e-06
5.205600e-06
5.443500e-06
5.700500e-06
5.957800e-06
6.214800e-06
6.494000e-06
6.784200e-06
7.060500e-06
7.354400e-06
7.703700e-06
8.028900e-06
8.369800e-06
8.750500e-06
9.107500e-06
9.493400e-06
9.874600e-06
1.027840e-05
1.070250e-05
1.115730e-05
1.161600e-05
1.206800e-05
1.255200e-05
1.311600e-05
1.364200e-05
1.417400e-05
1.481400e-05
1.542400e-05
1.600800e-05
1.665400e-05
1.725800e-05
1.795200e-05
1.869200e-05
1.943200e-05
2.023400e-05
2.102200e-05
2.180200e-05
2.272000e-05
2.358200e-05
2.450600e-05
2.544000e-05
2.645600e-05
2.745800e-05
2.845400e-05
2.948800e-05
3.054600e-05
3.169000e-05
3.295000e-05
3.413800e-05
3.535400e-05
3.656800e-05
3.791400e-05
3.933400e-05
4.065000e-05
4.223800e-05
4.358800e-05
4.511400e-05
4.657000e-05
4.810600e-05
4.978200e-05
5.142200e-05
5.318400e-05
5.493600e-05
5.683800e-05
5.851000e-05
6.050800e-05
6.223600e-05
6.424600e-05
6.638000e-05
6.843600e-05
];
