% compare with the data
color21= [128,0,0
         139,0,0
         178,34,34
         255,0,0
         250,128,114
         255,99,71
         255,127,80
         255,69,0
         210,105,30
         244,164,96
         255,140,0
         255,165,0
         184,134,11
         218,165,32
         255,215,0
         128,128,0
         255,255,0
         154,205,50
         173,255,47
         127,255,0
         124,252,0
         ]./256;